-0.001181378960609436
-0.0012111952810576468
-0.0011436433503122041
-0.0008511990308761597
-0.000845620126435251
-0.0008710507423646989
-0.0008328557014465332
-0.0008643655215992647
-0.0008198934442856733
-0.0009237222893293514
-0.0008159406257398201
-0.0008114178975423177
-0.0008380991039854107
-0.0008249812655978733
-0.0008310562855488545
-0.0008557087335831079
-0.000856619614821214
-0.0008296708802919131
-0.0008467333657400949
-0.0008270162524599018
-0.0008604671015883937
-0.0008606477217240767
-0.0008600762015894839
-0.0008772730827331543
-0.0008517684358539003
-0.0008624826158796037
-0.0008415918092469912
-0.0008501559495925903
-0.0009105906767003677
-0.0008614063262939453
-0.0008511990308761597
-0.0008522046578897012
-0.0008599267286412857
-0.000854599860406691
-0.0008542187073651482
-0.0008824502720552333
-0.0008587519327799479
-0.0008631241627228566
-0.0008154213428497314
-0.0008322614612001362
-0.0008674689701625279
-0.0008468908422133502
-0.0008485667845782111
-0.0008734726324314024
-0.0008121382805608934
-0.0008427325417013729
-0.0008620654835420497
-0.0008416714206818611
-0.0008811806187485204
-0.0008349732348793431
-0.000838741660118103
-0.0008220672607421875
-0.0008206507738898782
-0.0008935477282549884
-0.0008384251013034727
-0.0008827224373817444
-0.0008776748881620519
-0.0008412674069404602
-0.0008519273815733013
-0.0008498492993806538
-0.0008630969307639382
-0.0008448048641807155
-0.0008735579829062185
-0.0008524620171749231
-0.0008805028853877898
-0.0008531287312507629
-0.000812074717353372
-0.0008640596943516885
-0.0008552210671561105
-0.0008784672793220071
-0.000896506839328342
-0.0008356354453346946
-0.0008659288287162781
-0.0008497238159179688
-0.0008345733989368786
-0.0008431226015090942
-0.000889122486114502
-0.0008430216047498914
-0.0008420944213867188
-0.0008472529324618253
-0.0008335784077644348
-0.0008408890830145942
-0.0008408742792466108
-0.0008545210867217093
-0.0008459026749069626
-0.0008677083092766839
-0.0008367263909542199
-0.0008829506960782138
-0.0008550195982961943
-0.0008513110024588449
-0.0009099766612052917
-0.0008507930871212121
-0.0008483752608299255
-0.0008416753826719341
-0.0008508928360477571
-0.0008401730481316062
-0.0008355567329808286
-0.0009025111794471741
-0.0008551544613308377
-0.0008632427937275654
-0.0008528381586074829
-0.0008435249328613281
-0.0008307803760875355
-0.0008496876918908322
-0.000873267650604248
-0.0008639916777610779
-0.0008353753523393111
-0.0008658134576046106
-0.0008417215102758163
-0.0008274944205033151
-0.0008483409881591796
-0.0008577527226628484
-0.0008537962629988387
-0.0008368375824718941
-0.0008457538693450218
-0.0008517539862430457
-0.0008697384282162315
-0.0009033174225778291
-0.0008536353707313538
-0.000850677490234375
-0.0008428547833416913
-0.0008512058773556271
-0.0008401660358204561
-0.0008369716438087257
-0.0008526071906089783
-0.0008511092211749103
-0.0008390347162882487
-0.0008590221405029297
-0.0008498430252075195
-0.0008163596644546046
-0.0008734986186027527
-0.0009070344873376795
-0.0008513855211662524
-0.0008706972002983093
-0.0008578377385293284
-0.0008486978935472893
-0.000866854892057531
-0.0008343808791216682
-0.0008599056917078354
-0.0008570378826510521
-0.0008630573749542237
-0.0008221715688705444
-0.0008613690733909607
-0.0008557487178493191
-0.0008379459381103515
-0.0009041503071784973
-0.0008613196286288174
-0.0008548217661240522
-0.0008321937761808696
-0.0008472866482204861
-0.0008491097074566466
-0.0008381667890046772
-0.0008564687544299711
-0.0008738474412397904
-0.0008433767267175623
-0.0008336796480066636
-0.0008614133386050954
-0.0008409818013509115
-0.0008251305782433712
-0.0008595805419118781
-0.0008444280335397432
-0.0008442401885986328
-0.0008332184382847378
-0.0008421883438572739
-0.0008549545750473485
-0.0008395801890980114
-0.0008618109153978752
-0.0008536949753761292
-0.0008551236745473501
-0.0008400209022290779
-0.0008419854300362723
-0.0008591413497924805
-0.0008701392582484654
-0.0008599193472611276
-0.0008567752260150331
-0.0008416697382926941
-0.0008626324789864677
-0.0008405937868006089
-0.0008676581912570529
-0.0008624033494429154
-0.0008669260776404178
-0.0008576480965865286
-0.0008268789811567826
-0.0008343832833426339
-0.0008613051790179628
-0.0008719232347276476
-0.0008554178125718061
-0.000875087345347685
-0.0008435919880867004
-0.0008545741438865662
-0.0008567318771824692
-0.0008467510342597961
-0.0008521344926622179
-0.0008454620838165283
-0.000871398232199929
-0.0008438283746892756
-0.0008811354637145996
-0.0008449052509508635
-0.0008360039104114879
-0.0008451938629150391
-0.0008629770839915556
-0.0008952328653046579
-0.00085041974041913
-0.0008368281757130343
-0.0008261893924913908
-0.0008481881197761087
-0.0008243024349212646
-0.0008830315357929951
-0.0008488496144612631
-0.0008349274144028172
-0.0008499371378045333
-0.0008385432393927323
-0.0008355802105319115
-0.0008269512292110559
-0.0008704438805580139
-0.0008679049355643136
-0.0008566443984572952
-0.0008535946116727941
-0.0008662864565849304
-0.0008785935009227079
-0.0009911277077414773
-0.0008427483694893973
-0.0008482038974761963
-0.0008549174746951541
-0.0008347612438779888
-0.0015495256944136186
-0.0008638627601392342
-0.0008596145745479699
-0.000866509772635795
-0.0008451517890481388
-0.000820082426071167
-0.0008473468549323804
-0.0008219480514526367
-0.0008293015616280692
-0.0008401870727539062
-0.0008630391323205197
-0.0008624553680419922
-0.0008426507314046224
-0.0008656569889613561
-0.000852206174065085
-0.0008527347019740513
-0.0008513405919075012
-0.0008824563795520414
-0.0008643395972974373
-0.0008355230093002319
-0.0008403526412116156
-0.0008526220917701721
-0.0008712866727043601
-0.0008357388632638114
-0.0008599968517527861
-0.000831141191370347
-0.0008443124366529061
-0.0008292268304263844
-0.0008551713192101681
-0.0008665636966103001
-0.000849308111728766
-0.0008816387918260363
-0.0008387189162404914
-0.0008472818316835346
-0.0008021559034075056
-0.0008469469407025506
-0.0008422244678844105
-0.000842423052401156
-0.0008849591919870088
-0.000867992639541626
-0.0008390651029698989
-0.0008323770580869732
-0.0008491067325367647
-0.0008324805428000057
-0.0008475303649902344
-0.0008828947621007119
-0.0008618706151058799
-0.0008603404549991383
-0.0008641517523563269
-0.0008391755999940815
-0.0008420727469704368
-0.0008474480022083629
-0.0008555535347230973
-0.0008756727785677523
-0.0008912086486816406
-0.0009442892941561612
-0.0009166523814201355
-0.0009412992568243118
-0.0009016710169175092
-0.0009214647354618196
-0.0008770101948788291
-0.0008708834648132324
-0.0008514577692205256
-0.0008747360923073509
-0.0008456185460090637
-0.0008947415785356002
-0.0008888805613798253
-0.0008738785982131958
-0.0008592798903181747
-0.0008892863988876343
-0.000884711742401123
-0.0008709366257126267
-0.000913395601160386
-0.0008931521213415897
-0.0008544482682880602
-0.0008808213311272699
-0.0008727564956202651
-0.0009020597506792117
-0.0009135007858276367
-0.0008938168034409032
-0.0008775479084736592
-0.0008831604107006176
-0.0008954033255577087
-0.0008875312227191347
-0.000908873975276947
-0.0009033890331492704
-0.0008937990343248522
-0.000856153666973114
-0.0008616447448730469
-0.0008492320775985718
-0.0008359476923942566
-0.0008697798757842093
-0.0008636059299592048
-0.0008859247774691195
-0.0008742660284042358
-0.0008438825607299805
-0.0008552507920698686
-0.0008429661393165588
-0.0008536577224731445
-0.0008985176682472229
-0.0010894573096073036
-0.001187761624654134
-0.0009169368182911593
-0.0011590421199798584
-0.0011740572312298942
-0.0011528260780103278
-0.0010459491184779575
-0.0010637574725680882
-0.0009970244239358341
-0.000875091552734375
-0.0008526787613377427
-0.0008799188277300666
-0.0008570924401283264
-0.0009562108251783582
-0.0008651520076550936
-0.0009648338440925845
-0.0008334131801829618
-0.0008454322814941406
-0.0008205845952033997
-0.0008216677485285578
-0.0008987749324125402
-0.00085670297796076
-0.0008587962702700967
-0.0008915326534173427
-0.0008868075705863334
-0.0008435365630359184
-0.0008087952931722006
-0.0007911179516766522
-0.0008822903037071228
-0.0008614370899815713
-0.0008770125252859933
-0.0008476391816750551
-0.0008262726995680067
-0.0008323337092544093
-0.0008079931139945984
-0.0008204596383231027
-0.0008298499243600028
-0.0008088726746408563
-0.0010189941951206753
-0.0009207581028793797
-0.00080852210521698
-0.0009177362217622645
-0.0008485987782478333
-0.0008218432917739406
-0.0008344216780229049
-0.0008819753473455256
-0.0008323416113853455
-0.0009038448333740234
-0.0008124209739066459
-0.0008489540645054409
-0.0008868015173709754
-0.0008207656241752006
-0.0008794723018523186
-0.0008219480514526367
-0.0008253473224061909
-0.0008448326226436731
-0.0008047855261600379
-0.0008254274725914001
-0.0008332584843491063
-0.0008903443813323975
-0.0008340315385298295
-0.000843742915562221
-0.0008746666066786822
-0.0008362886067983267
-0.000812530517578125
-0.0008496344089508057
-0.0008915843385638613
-0.0009332150220870972
-0.0008269786834716797
-0.0008236103587680393
-0.0008424701112689394
-0.0008194586809943704
-0.00081586092710495
-0.001076243140480735
-0.0009608829722684972
-0.0008771708517363577
-0.0008498219882740694
-0.0008592144135505923
-0.0010220715493866892
-0.0009683105680677625
-0.0010743791406804864
-0.0008523925658195249
-0.0008830151906827601
-0.0008847042918205261
-0.0008198377248403189
-0.000810298654768202
-0.0008198022842407227
-0.0008702839122099034
-0.0008586198091506958
-0.0008566379547119141
-0.0008770227432250977
-0.0008752346038818359
-0.0009907014442212653
-0.0012602657079696655
-0.001192795263754355
-0.000983671708540483
-0.0009469389915466309
-0.0009396943179043857
-0.0009082779288291931
-0.0009177609493857936
-0.0009462907910346985
-0.0010253489017486572
-0.0010424330830574036
-0.0008694475347345525
-0.0008556470274925232
-0.0009995326399803162
-0.0009587652543011834
-0.0008983463048934937
-0.0009263862263072621
-0.0008536035364324397
-0.0008541643619537354
-0.0009101405739784241
-0.0008577480912208557
-0.0009083673357963562
-0.0008961231477798954
-0.0008767518130215732
-0.0008566379547119141
-0.0008279755711555481
-0.0008472274331485524
-0.0008558946497300092
-0.0008832679854498969
-0.0008422678167169744
-0.0008497671647505326
-0.0008722218600186435
-0.0008982817331949869
-0.0008695051074028015
-0.0008461764364531546
-0.0009089217466466568
-0.0008839330365580897
-0.0008550948566860623
-0.0008685444340561376
-0.0008509520328406131
-0.0008690777946920955
-0.0008678653023459694
-0.0009024076991611057
-0.0008779796394141944
-0.000865835892526727
-0.0008633697734159581
-0.0008781773703438895
-0.0008715066042813388
-0.0008478437151227679
-0.000850516207077924
-0.0008227636939600894
-0.000813677504255965
-0.0008247982371937145
-0.0008105933666229248
-0.000806272029876709
-0.0008203702814438764
-0.0008510026064786044
-0.0008443774599017519
-0.0008127544865463719
-0.0008376439412434896
-0.0008171126246452332
-0.0008102763782848011
-0.0008202791213989258
-0.0008564212105490944
-0.0008280212814743454
-0.0008186571525804924
-0.0008199438452720642
-0.0008356571197509766
-0.0008159606687484249
-0.0008383302977590849
-0.0008699543335858514
-0.0008362829685211182
-0.0008332282304763794
-0.0008246267543119542
-0.0008111624490647089
-0.0008121226963243986
-0.0008103052775065104
-0.0008446276187896729
-0.0008284079061972128
-0.0008600699274163498
-0.0008050817431825581
-0.0008190831830424647
-0.0007958561182022095
-0.0008127987384796143
-0.0008499751219878326
-0.000840977618568822
-0.0008093267679214478
-0.0008360400344386245
-0.0008528671766582288
-0.0008824122579474198
-0.0009513582502092634
-0.0009173883332146539
-0.0009321212768554687
-0.0008844004737006293
-0.0008604309775612571
-0.0009022987250125769
-0.0009233242756611592
-0.0008855155020049124
-0.0009026093916459517
-0.0008603544796214384
-0.0008663119691790956
-0.0008768906464447846
-0.0008986842247747606
-0.0013743862509727478
-0.0009194359634861802
-0.0009118467569351196
-0.000863783700125558
-0.0008656906359123461
-0.0008880250594195197
-0.000901491214067508
-0.0009169449677338471
-0.0008820692698160807
-0.0008526787613377427
-0.000839435692989465
-0.000823658865851325
-0.0008026630647720829
-0.0008594628536339962
-0.0008824011858771829
-0.0008469488885667589
-0.0008179128170013427
-0.0008269478293026195
-0.0008357449581748561
-0.0008501934282707446
-0.0008356032832976311
-0.0008887835911342076
-0.000840306282043457
-0.0008409601269346294
-0.0008374733083388384
-0.0008132385485100024
-0.0008626542192824344
-0.0008747507544124828
-0.0008884808596442727
-0.0008820593357086182
-0.0008734254276051241
-0.0008647301617790671
-0.0008528709411621093
-0.0008698210996740005
-0.0008560589381626674
-0.0008882464784564394
-0.0009198575406461148
-0.0008635395451595908
-0.0008589571172540838
-0.0008995661864409576
-0.0008712970849239465
-0.0008732694568056049
-0.001493417855465051
-0.0015002265572547913
-0.0013641495453683955
-0.0009377375245094299
-0.0008729876893939394
-0.0008298122521602746
-0.0008144595406272194
-0.0008209480179680719
-0.0008197181365069221
-0.0008515630449567522
-0.0008521781248204849
-0.0008720347755833677
-0.0008876919746398926
-0.0008701194416392933
-0.0008576207044647961
-0.0008581334894353694
-0.0008582563111276338
-0.0008914759664824514
-0.0009027683373653527
-0.0008697807788848877
-0.0008893758058547974
-0.0008246248418634588
-0.0008297280261391087
-0.0008728995042688706
-0.0008387950158888294
-0.0008927583694458008
-0.0008925982883998326
-0.0008582707607384884
-0.0008377029049781061
-0.0008496536928064682
-0.0008615694547954359
-0.0008423889384550206
-0.001149350946599787
-0.0009881934604129277
-0.0009582965604720577
-0.0009269293616799748
-0.0009272867633450416
-0.0010568744996014763
-0.0010234153631961708
-0.000902904782976423
-0.0009724348783493042
-0.0008930528865141027
-0.0008874416351318359
-0.0010039950862075343
-0.0009968497536399148
-0.000980900179955267
-0.0008539131709507533
-0.0008831337878578587
-0.0008484721183776855
-0.0008211624928009816
-0.0008494728489925986
-0.0008463642813942649
-0.0008529424667358398
-0.0008855356889612534
-0.0008633066626156078
-0.0009435976252836339
-0.0012468352462306168
-0.001558970182369917
-0.0010298043489456177
-0.0009087360266483191
-0.0008845329284667969
-0.0008475990856395048
-0.0008982022603352865
-0.0008639981669764365
-0.0008497454903342507
-0.0008468495474921332
-0.0008266717195510864
-0.0008369037083217076
-0.000853727845584645
-0.0008671423968146829
-0.0008518912575461648
-0.0008543357253074646
-0.0008134000441607307
-0.0008189082145690918
-0.0008164535869251598
-0.0008307625265682445
-0.0008689273487437855
-0.0008409409909634977
-0.000827200710773468
-0.0008764122471664891
-0.0008436405297481652
-0.0008671211473869555
-0.0008494643604054171
-0.0008757186658454664
-0.00084734708070755
-0.0008238974739523495
-0.0008258819580078125
-0.0008474960923194885
-0.0008283152299768784
-0.0008267448061988467
-0.0008846082185444079
-0.000834926962852478
-0.0008547370498244827
-0.0008360918830422795
-0.0008433948863636364
-0.0008407566282484266
-0.0008378940470078412
-0.0008610945481520433
-0.0008474680093618539
-0.0008228421211242676
-0.0008151838856358682
-0.0008276630850399242
-0.0008505508303642273
-0.0008468569778814548
-0.000837403185227338
-0.0008509974730642218
-0.0009212855136755741
-0.0007984217475442326
-0.0008284780714246961
-0.0008692163409608784
-0.0009027868509292603
-0.0008944553487441119
-0.0008430158769762194
-0.0008358806371688843
-0.000883840024471283
-0.0008321097402861624
-0.0008256898985968696
-0.0008398482674046567
-0.0008945248343727806
-0.0008680820465087891
-0.0008420077237215909
-0.0008541867136955261
-0.0008278936147689819
-0.0008260120045055043
-0.0008256435394287109
-0.000947203901078966
-0.0008251456653370577
-0.0008730310382265034
-0.0008426724058209044
-0.0008450224995613098
-0.0008711814880371094
-0.0008747577667236328
-0.0008921767726089015
-0.0008928030729293823
-0.0008667537144252232
-0.0008709364467196994
-0.0008674390388257576
-0.000849001547869514
-0.0008719933999551309
-0.0009016604036898227
-0.0008936072840835109
-0.000845395028591156
-0.0008824594093091561
-0.0008798346799962661
-0.0008846846493807706
-0.0008836761116981506
-0.0009213222397698297
-0.0009366960236520479
-0.0008761814662388393
-0.0009092837572097778
-0.0008772503245960582
-0.000875409911660587
-0.0008721568367697976
-0.0009025856852531433
-0.0009062781053430893
-0.0008960440754890442
-0.0008517205715179443
-0.0008760724748883928
-0.0008729084117992504
-0.0008777827024459839
-0.000909171998500824
-0.0009130379732917337
-0.0008795107564618511
-0.0008876540444113991
-0.0008764968198888443
-0.0008932454245431082
-0.0008612557461387233
-0.0009347403921732088
-0.0008591413497924805
-0.0008586504880119773
-0.0008708593007680532
-0.0008727203715931286
-0.0008699749455307469
-0.0008613988757133484
-0.0008994015780362216
-0.0009371006127559777
-0.001722299691402551
-0.0017098542806264516
-0.001783624291419983
-0.0018557757139205933
-0.0017730891704559326
-0.0017724793131758526
-0.0019120679182164809
-0.0017323180248862819
-0.0018501554216657366
-0.0018811366137336282
-0.0018578799995216163
-0.0017922851774427625
-0.0017307599385579426
-0.0016721129417419434
-0.003192707896232605
-0.0030673531924977023
-0.0022860414841595817
-0.0018924743898453252
-0.0017534424276912913
-0.0017292631997002496
-0.0017339116648623818
-0.0018567910065522065
-0.0018408620679700696
-0.0017455115037805894
-0.0018652379512786865
-0.001734018325805664
-0.0018035058052309097
-0.0018501772600061754
-0.0016613287084242877
-0.0016429564532111673
-0.001620367169380188
-0.0017197482726153206
-0.0016634613275527954
-0.0015785063014310948
-0.00339071618186103
-0.0025224896038279813
-0.0018511800205006318
-0.0017725482131495621
-0.0017664909362792968
-0.0016419216990470886
-0.0016967281699180603
-0.0017625641178440404
-0.001687370240688324
-0.0016618497443921638
-0.0016307341746794872
-0.0017637294881484088
-0.0016182822150153083
-0.0016240929112289891
-0.0016210873921712239
-0.0016884472635057238
-0.0016468252454485213
-0.0017426082066127231
-0.0016216870510216916
-0.0017424930225719106
-0.0016316572825113933
-0.0016231536865234375
-0.0017289975110222312
-0.0016808586735879221
-0.0016562794194077
-0.0016123205423355103
-0.0016293104957131779
-0.0016986240040172231
-0.0016289097922188894
-0.0016352148617015166
-0.0015958355319115422
-0.0016593066128817472
-0.001696381303999159
-0.001616813041068412
-0.0015879154205322265
-0.0017241131175648081
-0.0015915379379734848
-0.0015910972248424184
-0.001608675176447088
-0.0016844417109633937
-0.0016501816836270418
-0.001590217032083651
-0.0016215786789402816
-0.0017201602458953857
-0.00171202771803912
-0.0017003662445965934
-0.001628093421459198
-0.001731949467812815
-0.0016572698950767517
-0.0016294819968087333
-0.0016405507922172546
-0.0017804714941209363
-0.0016713286891128078
-0.0016022595492276278
-0.001619100570678711
-0.0016361329613662347
-0.0016050338745117188
-0.0016492379678262246
-0.0016131762302283084
-0.0016684243173310251
-0.0016235366012110855
-0.0016182310440961052
-0.0016428412813128848
-0.0016859620809555054
-0.0016372382640838623
-0.0016191311371632111
-0.0016147389131433824
-0.0016871437881932113
-0.0016233704306862571
-0.001632629122052874
-0.0016017104640151515
-0.0016781911253929138
-0.0016067489500968687
-0.0009571030026390439
-0.0008159189513235381
-0.0007971850308504971
-0.0007978387781091638
-0.0008872855793346058
-0.0008181145316676089
-0.000795505940914154
-0.0008254779709710015
-0.0008122487501664596
-0.0007805968775893703
-0.0008064792269752139
-0.0008669130263790007
-0.0008770648170919979
-0.0008310457555259146
-0.0008110205332438151
-0.0007950628505033605
-0.0007940951515646541
-0.0008234977722167969
-0.0008375106319304436
-0.000854651133219401
-0.0007973801005970348
-0.0008079941208298142
-0.000828150546911991
-0.00082855224609375
-0.0008236302269829644
-0.0008437489018295751
-0.0008608861403031783
-0.0008141488739938447
-0.0008016427357991537
-0.0007857611013013263
-0.0008076083275579637
-0.0008119886571710759
-0.00084381837111253
-0.0008205806507783778
-0.0008354403755881569
-0.0008006962862881747
-0.0008075609803199768
-0.0008110404014587402
-0.0008074395796831916
-0.0008187815546989441
-0.0008726716041564941
-0.0008139610290527344
-0.0007943272590637207
-0.0008077187971635299
-0.0008477080952037464
-0.0007804728843070365
-0.0008188666719378847
-0.0008710658911502723
-0.0008250566629263071
-0.0008000101361955916
-0.000817443195142244
-0.0008024888880112592
-0.0008186272212437221
-0.0007846644430449514
-0.0008864764011267459
-0.0008570775389671326
-0.0008136661429154245
-0.0008163662517772001
-0.0008013248443603516
-0.0008007147732902976
-0.0008188784122467041
-0.000866850217183431
-0.0008247109020457548
-0.0008203759789466858
-0.0007982999086380005
-0.0008057536500872988
-0.0008184909820556641
-0.0008275895505338102
-0.0008444295209996841
-0.0008749146210519891
-0.0008099006884025805
-0.0008097778667103161
-0.0008108399131081321
-0.0008261544363839286
-0.0008071624871456262
-0.0008195169044263436
-0.0008288271286908318
-0.0008163307652328954
-0.0007896700570749683
-0.0008217204700816761
-0.0008188674324437192
-0.0008058547973632812
-0.0008727500313206723
-0.0008167743682861329
-0.0007972915967305502
-0.0008155432614413174
-0.0008156444087172999
-0.0008450782660282019
-0.0007973466600690569
-0.0008599685900139086
-0.0008351947322036281
-0.0008005942067792339
-0.0008072347351998994
-0.0008264527176365708
-0.0008065700531005859
-0.0008046627044677734
-0.0008777754647391183
-0.0008080583630186138
-0.0008201663558547561
-0.0008264382680257162
-0.0008187558915879992
-0.0007969439029693604
-0.0008289068937301636
-0.0008523030714555221
-0.0008253820480838899
-0.0008161718195134944
-0.0008151280252557052
-0.0007979348301887512
-0.0008125498488142684
-0.0008091871128525844
-0.0008565250195954976
-0.0008258747332023852
-0.0008050128817558289
-0.0008181225169788707
-0.0008173690122716568
-0.0007962719086677798
-0.0008431502750941686
-0.0008045242678734564
-0.0008387898289880087
-0.0008532567457719283
-0.0008101984858512878
-0.0008548349142074585
-0.0008058473467826843
-0.0008271091124590705
-0.0008125855372502253
-0.0008760467171669006
-0.0008430914445356889
-0.0008054691202500287
-0.0007983006929096423
-0.0008156299591064453
-0.0007878794814601089
-0.0008090337117513021
-0.0008640650546911991
-0.0008342049338600852
-0.0008033050431145562
-0.0008270078235202365
-0.0008080714457743877
-0.000821371873219808
-0.000812438226515247
-0.0008553336648380055
-0.0008451071652499112
-0.0008027914798620975
-0.0007996782660484314
-0.0007805754156673656
-0.0008040035472196691
-0.0008185876382363809
-0.0008585121896531847
-0.0008452008752261891
-0.0008174728702854465
-0.0008271173997358842
-0.0008149580522017045
-0.0008068154839908375
-0.0008508527980131261
-0.0008584226880754744
-0.0008330792188644409
-0.0008587692723129735
-0.0007931366562843323
-0.0008032321929931641
-0.0008316667456375925
-0.0008110309901990389
-0.0008630535819313743
-0.0008347928524017334
-0.0008298772754091206
-0.000788919853441643
-0.0008084701769279711
-0.0008231464185212788
-0.0008114395719585997
-0.0008481415835293857
-0.0008438334745519302
-0.000801967852043383
-0.0007851629546194365
-0.0007958701162627249
-0.0008252635598182678
-0.0007999954801617247
-0.000808546620030557
-0.0008748138652128331
-0.0008379184838497277
-0.0008005823407854352
-0.000777117908000946
-0.0008197873830795288
-0.0007981603795831853
-0.0007885470986366272
-0.0008111463652716742
-0.0008647730856230764
-0.0008211641600637724
-0.0008175084085175486
-0.0008177906274795532
-0.0008433480416574786
-0.000816206778249433
-0.0008048380122465245
-0.0008216843460545396
-0.0008662939071655273
-0.0008133649826049805
-0.000950771219590131
-0.0008281783053749486
-0.000808260020087747
-0.0008195266127586365
-0.0008033443899715648
-0.0008452661109693123
-0.0008381434849330357
-0.0008120306076542024
-0.0008064038825757576
-0.0008247950497795554
-0.0008209794759750366
-0.0007780159220975988
-0.0008280627867754768
-0.0008426457643508911
-0.000820854731968471
-0.0007927894592285156
-0.0008170171217484908
-0.0008062037026009909
-0.0008091998822761304
-0.0008458554744720459
-0.0008448326226436731
-0.0008147774320660216
-0.000821402578642874
-0.0008196607232093811
-0.000800139025637978
-0.0008369386196136475
-0.0008204705787427498
-0.0008665042765000287
-0.0008496418595314026
-0.0007998794317245483
-0.0008509303584243312
-0.0008099006884025805
-0.0008057065912195154
-0.0008108399131081321
-0.0007777437567710876
-0.0008859430040631975
-0.0008267850586862276
-0.0007887718289397484
-0.0007886290550231934
-0.0008323941911969866
-0.0008106792674345128
-0.0007976503933177275
-0.0008768023866595644
-0.0008222210791803175
-0.0008118485295495322
-0.0008128050601843631
-0.0008094599752715139
-0.0007936665506073923
-0.0008002453380160861
-0.0008475333452224731
-0.0008350357864842271
-0.0008160706722375119
-0.0008372971505829782
-0.000807834394050367
-0.0008113706434095228
-0.0008110494324655244
-0.0008684360619747277
-0.0008203293147839998
-0.0008427645709063556
-0.0008089065551757813
-0.0008079716653534861
-0.0008045121243125514
-0.0008220195770263672
-0.0008504390716552734
-0.0008351008097330729
-0.000796392560005188
-0.0008237939892393169
-0.0007878896352407095
-0.0007990037693696864
-0.0008231094905308315
-0.0008438406763850031
